1 178 24 60 27 45 41 27 26 26 19 19 25 31 11 24 31 28 42 45 10 8 15 14 11 16 4 28 1

398 -674
396 -686
393 -696
399 -704
406 -714
405 -742
418 -769
444 -785
467 -790
478 -792
490 -803
499 -811
507 -815
529 -826
542 -829
557 -835
567 -834
576 -836
584 -836
594 -839
608 -843
618 -843
625 -843
644 -842
659 -839
671 -835
681 -829
689 -827
701 -819
712 -815
724 -814
730 -809
741 -806
746 -805
751 -797
771 -797
784 -797
791 -797
803 -794
815 -789
825 -789
835 -790
854 -788
863 -790
883 -786
896 -785
901 -783
914 -782
930 -781
943 -777
962 -772
971 -770
978 -767
994 -762
999 -759
1007 -759
1024 -763
1038 -770
1077 -778
1096 -775
1103 -772
1116 -779
1132 -778
1162 -773
1185 -772
1204 -773
1222 -773
1238 -770
1253 -770
1266 -775
1283 -778
1310 -778
1318 -778
1332 -773
1344 -766
1351 -755
1361 -740
1373 -733
1379 -728
1391 -717
1395 -706
1403 -683
1406 -669
1408 -648
1412 -626
1416 -618
1419 -602
1413 -589
1411 -566
1404 -528
1402 -508
1391 -495
1387 -483
1377 -471
1376 -447
1374 -419
1354 -391
1339 -372
1334 -354
1312 -323
1296 -304
1266 -279
1257 -270
1232 -247
1209 -225
1184 -201
1169 -185
1143 -181
1119 -160
1102 -155
1083 -142
1038 -126
1019 -121
999 -111
971 -104
938 -98
900 -90
854 -87
816 -86
788 -84
763 -87
744 -88
707 -88
675 -92
644 -93
621 -94
589 -97
540 -100
521 -104
492 -114
468 -118
447 -128
441 -137
423 -139
395 -151
385 -155
360 -156
331 -169
300 -178
289 -184
277 -196
251 -209
233 -230
219 -240
189 -250
167 -263
148 -289
130 -309
112 -328
102 -348
96 -367
82 -381
71 -409
58 -429
96 -360
88 -374
81 -382
68 -413
53 -442
49 -472
51 -499
56 -522
71 -555
74 -577
90 -601
107 -612
123 -627
143 -641
167 -653
201 -660
227 -662
256 -670
288 -674
316 -674
346 -675
382 -673
395 -674
402 -673

973 -103
967 -109
955 -116
948 -120
936 -123
923 -125
917 -126
909 -131
904 -147
896 -160
888 -166
869 -176
848 -182
839 -187
825 -194
812 -201
790 -212
785 -226
784 -245
795 -265
812 -283
809 -296
791 -318
774 -330
758 -341
729 -348
701 -354
690 -361
664 -382
649 -395
639 -407
639 -422
649 -443
658 -461
657 -479
673 -474
684 -467
713 -457
733 -433
747 -417
771 -399
775 -379
786 -367
805 -349
825 -334
837 -318
837 -288
828 -252
814 -234
830 -213
850 -206
859 -199
871 -189
890 -188
902 -182
931 -172
956 -156
979 -145
1001 -134
1012 -117

1090 -145
1088 -155
1076 -165
1056 -182
1036 -193
1022 -202
1002 -205
971 -210
941 -218
900 -229
887 -236
867 -275
871 -300
872 -323
892 -354
882 -376
867 -391
840 -410
815 -434
775 -462
740 -472
724 -486
703 -499
684 -510
658 -523
652 -512
657 -478

640 -406
647 -384
649 -373
654 -358
657 -347
661 -338
667 -330
675 -323
678 -315
687 -309
690 -301
699 -298
706 -295
719 -289
729 -287
739 -287
755 -284
764 -281
771 -278
758 -264
748 -244
748 -231
755 -221
762 -217
765 -212
776 -205
784 -200
798 -195
804 -191
816 -182
820 -179
839 -171
847 -168
863 -162
876 -159
882 -156
885 -151
888 -140
888 -128
896 -117
912 -116
922 -114
942 -111
948 -107
958 -102

641 -94
647 -100
655 -107
672 -114
689 -114
712 -120
727 -125
732 -126
736 -145
735 -146
730 -154
721 -168
716 -174
707 -183
703 -189
703 -198
696 -212
690 -217
666 -223
649 -235
650 -249
652 -261
649 -286
641 -303
620 -316
608 -335
589 -353
589 -373
598 -395
608 -405
615 -428
617 -445
618 -456
623 -479
617 -506
618 -525
617 -532
618 -534
637 -529
647 -525
658 -523

870 -309
879 -309
892 -306
908 -300
915 -287
917 -280
920 -272
931 -258
949 -243
963 -238
975 -235
989 -229
1001 -229
1029 -241
1029 -240
1047 -241
1058 -237
1064 -234
1067 -226
1072 -215
1072 -203
1073 -194
1079 -183
1082 -177
1092 -168
1098 -166
1104 -156

388 -153
401 -166
411 -156
448 -154
462 -162
487 -171
517 -179
545 -182
565 -186
560 -223
562 -252
565 -267
568 -293
539 -313
532 -349
540 -375
551 -408
559 -433
563 -448
571 -473
565 -499
568 -525
586 -536
597 -536
615 -531
617 -531

1035 -240
1041 -263
1043 -284
1046 -318
1053 -344
1041 -369
1047 -405
1052 -451
1055 -464
1078 -457
1093 -431
1102 -421
1115 -416
1138 -428
1153 -437
1176 -431
1196 -414
1210 -392
1219 -381
1242 -376
1249 -379
1259 -369
1268 -349
1283 -326
1289 -310
1297 -304

544 -310
525 -303
505 -298
476 -284
459 -274
450 -255
436 -258
413 -252
387 -249
381 -248
353 -237
320 -231
290 -229
275 -234
280 -254
255 -237
240 -235
235 -243
211 -242

532 -349
508 -353
485 -347
473 -339
456 -338
444 -338
421 -350
402 -350
385 -369
370 -388
341 -379
318 -356
298 -327
281 -287
209 -292
225 -312
206 -320
195 -332
194 -335

210 -589
210 -581
196 -568
185 -554
184 -544
181 -529
187 -520
184 -505
165 -493
140 -481
133 -458
132 -432
141 -420
149 -409
160 -391
172 -381
182 -372
195 -362
206 -347
197 -335
190 -333
164 -340
145 -347
121 -340
101 -352

72 -561
78 -560
90 -561
100 -564
116 -572
131 -577
148 -580
171 -580
192 -585
212 -589
230 -596
242 -596
256 -599
272 -610
300 -613
325 -611
341 -605
359 -603
376 -601
399 -603
411 -602
415 -613
425 -620
436 -621
437 -633
425 -642
424 -660
426 -670
416 -671
407 -674
398 -674

1360 -742
1349 -725
1344 -719
1358 -712
1369 -689
1372 -667
1374 -641
1380 -620
1393 -603
1398 -597
1414 -588

1263 -774
1269 -758
1275 -752
1285 -736
1298 -722
1303 -715
1308 -692
1317 -683
1329 -673
1326 -661
1312 -652
1298 -637
1315 -635
1334 -635
1341 -634
1344 -606
1351 -583
1360 -552
1367 -540
1380 -525
1386 -519
1386 -500
1387 -493
1389 -487

1144 -776
1153 -768
1171 -752
1193 -729
1205 -716
1202 -702
1177 -690
1158 -675
1151 -655
1138 -641
1131 -627
1128 -615
1144 -609
1148 -597
1154 -574
1167 -560
1190 -565
1211 -569
1231 -565
1252 -536
1266 -522
1272 -511
1282 -491
1271 -482
1260 -471
1256 -444
1256 -418
1252 -402
1234 -393
1226 -384
1216 -376

640 -843
624 -831
615 -808
623 -801
632 -793
641 -768
654 -762
667 -758
678 -753
699 -736
715 -739
739 -739
761 -733
767 -722
773 -724
782 -732
807 -735
827 -729
843 -716
857 -710
883 -719
896 -724
925 -730
946 -735
971 -741
989 -739
1007 -748
1006 -759

619 -804
602 -804
570 -797
542 -777
527 -766
507 -745
501 -734
497 -723
490 -709
493 -687
498 -665
510 -651
535 -651
552 -653
579 -653
610 -653
637 -654
668 -657
713 -664
734 -668
758 -674
801 -668
834 -656
861 -648
884 -634
906 -624
927 -610
950 -599
964 -592
984 -587
991 -582
997 -596
978 -610
968 -616
962 -622
951 -628
929 -641
913 -653
901 -668
898 -683
893 -708
893 -726

510 -651
477 -654
463 -662
443 -673
423 -668
421 -645
435 -627
441 -615
451 -605
458 -595
447 -578
441 -570
452 -558
463 -546
483 -533
497 -529
507 -541
527 -544
546 -543
561 -536
576 -535
613 -535
605 -556
624 -570
648 -573
670 -572
682 -565
711 -579
739 -582
766 -578
798 -573
832 -561
853 -555
872 -523
881 -509
889 -486
895 -460
909 -463
925 -474
950 -492
968 -507
967 -524
968 -535
984 -556
995 -592

996 -592
1004 -590
1011 -592
1036 -592
1062 -590
1082 -593
1097 -604
1114 -610
1132 -618
1134 -618

964 -509
970 -507
988 -512
1008 -506
1025 -503
1043 -486
1053 -471
1057 -463

898 -460
879 -454
853 -454
835 -464
806 -477
791 -481
775 -486
746 -501
722 -513
709 -526
685 -539
670 -541
659 -535
654 -530
647 -523

677 -568
670 -549
667 -539
691 -544
703 -544
728 -541
755 -535
789 -524
815 -515
841 -501
853 -497
872 -481
883 -463
892 -456

470 -543
467 -530
454 -512
435 -503
428 -486
418 -461
392 -449
382 -446
369 -434
368 -408
363 -386

443 -573
418 -585
389 -582
348 -567
319 -558
294 -553
261 -549
231 -538
222 -512
227 -484
245 -464
258 -432
267 -402
288 -388
294 -359
314 -348

181 -544
199 -544
221 -543
236 -538

8.0 100000

950 -152
0.0 -0.9				
199 174 195 255
30.0

1037 -152
0.0 -0.9				
199 174 195 255
20.0

789 -288
0.0 -0.9				
199 174 195 255
20.0

792 -106
0.0 -0.9				
255 55 163 255
20.0

1054 -207
0.0 -0.9				
199 174 195 255
8.0

607 -129
0.0 -0.9				
255 55 163 255
20.0

1197 -277
0.0 -0.9				
71 172 186 255
40.0

348 -183
0.0 -0.9				
255 55 163 255
10.0

366 -267
0.0 -0.9				
243 235 29 255
30.0

106 -389
0.0 -0.9				
243 235 29 255
10.0

169 -598
0.0 -0.9				
191 98 31 255
20.0

1393 -630
0.0 -0.9				
140 212 215 255
8.0

1382 -553
0.0 -0.9				
140 212 215 255
10.0

1321 -411
0.0 -0.9				
140 212 215 255
40.0

853 -734
0.0 -0.9				
82 191 44 255
30.0

541 -671
0.0 -0.9				
82 191 44 255
20.0

504 -569
0.0 -0.9				
161 139 89 255
50.0

1065 -630
0.0 -0.9				
82 191 44 255
30.0

458 -687
0.0 -0.9				
191 98 31 255
10.0

1141 -464
0.0 -0.9				
71 172 186 255
40.0

987 -273
0.0 -0.9				
199 174 195 255
40.0

838 -477
0.0 -0.9				
161 139 89 255
10.0

835 -526
0.0 -0.9				
161 139 89 255
10.0

637 -544
0.0 -0.9				
255 0 0 255
3.0

469 -365
0.0 -0.9				
243 235 29 255
20.0

323 -402
0.0 -0.9				
243 235 29 255
20.0

247 -345
0.0 -0.9				
243 235 29 255
10.0

250 -559
0.0 -0.9				
191 98 31 255
10.0

INDICE
_______________________________

numShapes numVerticesXGeom numPartitions numVerticesXPartitions numEmisores shapesLoop

VertexGeometry
|
|

VertexPartitions
|
|

emisorRadio maxParticlesCount

emisors
|
|

(px)