93 4 4
633.0 -601.0
621.0 -565.0
594.0 -561.0
537.0 -573.0
531.0 -562.0
505.0 -555.0
498.0 -574.0
354.0 -567.0
286.0 -538.0
250.0 -529.0
214.0 -514.0
189.0 -475.0
169.0 -409.0
190.0 -387.0
171.0 -354.0
181.0 -318.0
184.0 -291.0
199.0 -288.0
192.0 -274.0
216.0 -229.0
249.0 -199.0
277.0 -204.0
277.0 -165.0
312.0 -133.0
403.0 -108.0
444.0 -88.0
483.0 -91.0 
493.0 -100.0
501.0 -85.0
544.0 -66.0 
570.0 -82.0
586.0 -115.0
603.0 -78.0 
666.0 -73.0
718.0 -67.0 
756.0 -85.0
766.0 -139.0
795.0 -88.0 
820.0 -84.0
874.0 -118.0
901.0 -160.0
918.0 -172.0
924.0 -139.0
954.0 -168.0
925.0 -241.0
949.0 -255.0
978.0 -186.0
1039.0 -253.0
1018.0 -316.0
1033.0 -325.0
1045.0 -289.0
1069.0 -300.0 
1075.0 -325.0
1107.0 -369.0
1099.0 -397.0
1117.0 -411.0
1095.0 -450.0
1105.0 -483.0
1132.0 -492.0
1129.0 -513.0
1119.0 -528.0
1132.0 -537.0
1137.0 -580.0
1129.0 -595.0
1132.0 -619.0
1116.0 -637.0
1128.0 -675.0
1110.0 -724.0
1083.0 -742.0
1081.0 -762.0
1062.0 -777.0
1032.0 -768.0
1023.0 -742.0
1027.0 -717.0
987.0 -745.0
906.0 -655.0
910.0 -628.0 
894.0 -637.0
871.0 -598.0
895.0 -591.0
889.0 -574.0
888.0 -558.0
862.0 -577.0 
846.0 -589.0
819.0 -553.0
819.0 -528.0 
789.0 -534.0
760.0 -514.0
745.0 -529.0 
724.0 -541.0
693.0 -585.0
679.0 -606.0
632.0 -600.0

286.0 -538.0
586.0 -115.0 
819.0 -528.0
1095.0 -450.0

8.0 100000

250.0 -350.0
-0.01 0.0				
0 255 0 255
10.0

900 -400.0
0.1 0.0
255 0 0 255
200.0

700.5 -350.0
0.1 0.0
0 0 255 255
200.0

350.5 -400.0
0.01 0.0
255 0 255 255
10.0


INDICE
_______________________________

numVerticesGeom numVerticesParticiones numEmisores

VertexGeometry
|
|

VertexPartitionss
|
|

emisorRadio maxParticlesCount

emisors
|
|