77 0 0

185 -673
212 -651
340 -652
367 -661
394 -671
416 -678
437 -680
464 -680
485 -672
506 -661
525 -656
541 -649
562 -649
583 -651
598 -656
608 -673
615 -691
618 -712
620 -724
634 -737
651 -744
670 -744
684 -739
695 -733
699 -727
695 -642
687 -618
676 -599
658 -581
638 -563
613 -552
585 -544
556 -541
535 -539
512 -530
505 -482
512 -454
505 -441
480 -430
470 -413
471 -370
464 -359
465 -331
453 -325
453 -283
466 -274
533 -275
539 -259
539 -250
536 -231
477 -238
464 -236
452 -228
430 -226
421 -226
404 -236
392 -239
360 -234
333 -232
327 -254
333 -284
348 -282
369 -276
403 -273
417 -281
416 -324
403 -330
405 -359
396 -367
395 -417
389 -428
360 -445
368 -525
342 -539
210 -539
193 -518
183 -518

(842px)