19 83 62 18 14 19 14 12 14 11 14 13 12 10 11 11 10 19 18 13 0 5 1 1 1 1 1 1 1 1 1 1 1 1 1 1 1 1 1 1 1

247 -206
247 -216
246 -240
243 -252
241 -262
235 -279
228 -298
217 -318
209 -337
205 -350
198 -372
196 -387
194 -407
191 -418
188 -433
185 -455
184 -470
184 -492
185 -515
189 -541
194 -560
204 -579
217 -595
227 -605
243 -617
267 -630
286 -636
303 -638
324 -639
343 -640
367 -639
377 -636
378 -621
382 -610
388 -601
393 -597
404 -597
415 -605
420 -622
422 -631
431 -632
451 -622
464 -612
474 -594
480 -574
485 -548
490 -527
489 -499
485 -473
480 -451
478 -442
475 -427
470 -414
467 -404
462 -398
455 -402
452 -397
453 -388
450 -384
445 -388
441 -383
442 -372
444 -366
441 -360
433 -351
428 -344
423 -344
418 -350
413 -348
413 -336
411 -334
402 -340
401 -336
400 -323
400 -318
395 -312
382 -292
375 -276
373 -261
368 -239
367 -220
365 -194
247 -194

87 -848
104 -849
127 -848
145 -840
155 -827
161 -815
173 -797
180 -782
190 -762
199 -742
207 -729
212 -723
226 -714
234 -710
246 -706
248 -706
265 -707
287 -710
299 -711
301 -717
303 -731
308 -737
312 -729
314 -720
316 -727
320 -737
325 -735
328 -720
333 -719
341 -721
344 -730
347 -737
352 -735
355 -723
358 -734
364 -740
368 -733
368 -730
371 -723
383 -721
388 -730
391 -736
398 -738
399 -730
402 -723
403 -735
406 -738
412 -735
415 -719
423 -715
442 -713
456 -712
474 -724
489 -735
499 -747
510 -766
514 -775
530 -800
543 -817
559 -823
585 -832
604 -831

240 -488
237 -494
235 -500
234 -508
234 -522
239 -532
244 -539
253 -544
263 -545
270 -536
275 -529
278 -520
279 -507
276 -495
267 -481
252 -479
240 -484
237 -490

319 -601
320 -595
313 -574
305 -564
293 -560
282 -567
275 -577
276 -588
275 -599
284 -620
296 -629
309 -625
318 -611
320 -599

346 -424
342 -422
328 -417
319 -420
315 -425
311 -432
308 -441
307 -449
310 -462
317 -477
323 -482
338 -481
345 -474
351 -467
352 -458
354 -449
352 -437
347 -427
341 -420

442 -477
435 -482
430 -493
427 -506
430 -525
437 -538
447 -542
463 -537
466 -528
471 -514
472 -499
465 -485
458 -475
445 -474

403 -316
403 -319
401 -326
401 -331
401 -339
409 -335
414 -326
418 -314
416 -303
410 -307
407 -312
403 -318

416 -330
414 -333
413 -338
412 -345
413 -349
419 -349
424 -342
428 -335
431 -325
431 -319
429 -314
425 -315
421 -320
418 -323

444 -365
443 -371
442 -378
441 -384
446 -386
453 -379
457 -371
461 -361
457 -353
453 -356
448 -362

455 -381
454 -387
453 -394
453 -399
460 -398
465 -393
467 -387
470 -383
472 -376
472 -372
470 -367
465 -368
460 -373
458 -376

301 -712
301 -717
303 -729
307 -737
311 -733
311 -730
312 -722
314 -712
312 -702
310 -698
305 -696
303 -703
301 -711

314 -716
317 -724
317 -732
322 -737
326 -728
327 -725
329 -713
327 -703
324 -697
319 -696
318 -702
315 -714

342 -721
343 -731
350 -739
352 -732
354 -721
354 -709
351 -700
346 -698
343 -707
341 -721

357 -722
359 -732
363 -740
366 -736
369 -725
369 -714
368 -708
366 -701
363 -699
358 -707
356 -716

386 -721
387 -728
388 -737
395 -741
399 -728
400 -715
399 -707
394 -699
390 -700
389 -710
388 -718

401 -721
403 -730
408 -739
413 -729
414 -714
413 -708
409 -700
405 -703
403 -712
401 -719

261 -814
264 -805
268 -796
272 -786
276 -774
284 -764
294 -756
305 -752
312 -754
319 -751
310 -746
297 -744
288 -748
283 -752
276 -761
272 -766
269 -776
265 -782
262 -788

301 -800
302 -808
309 -804
321 -801
339 -796
355 -793
372 -792
384 -789
392 -787
410 -784
420 -781
410 -777
392 -776
378 -780
370 -781
349 -783
330 -787
314 -793

304 -797
301 -800
397 -814
379 -805
366 -788
355 -774
346 -747
350 -743
359 -764
369 -777
381 -794
390 -803
398 -811

5 6

252 -504
0.0 -5
255 0 0 255
1.0

293 -586
0.0 -3
0 0 255 255
1.0

328 -451
0.0 -3
0 255 0 255
1.0

453 -513
0.0 -3
255 255 0 255
1.0

402 -621
0.0 -100
255 255 255 255
6.0

INDICE
_______________________________

numShapes numVerticesXGeom numPartitions numVerticesXPartitions numEmisores shapesLoop

VertexGeometry
|
|

VertexPartitions
|
|

emisorRadio maxParticlesCount

emisors
|
|

(mm)