1 41 1 10 1 1

1.0 20.4
4.5 21.0
6.7 22.3
8.6 24.2
9.5 27.0
9.2 29.8
7.7 33.3
9.2 31.7
11.3 30.3
14.2 29.7
17.1 30.3
18.9 31.5
20.5 32.9
19.6 30.0
19.9 27.3
20.9 25.1
22.4 23.2
23.9 22.5
34.0 21.1
36.6 23.2
37.4 22.5
36.8 17.4
35.6 17.1
33.9 19.4
23.9 20.8
21.7 19.5
20.0 17.3
19.3 14.5
19.6 12.0
20.7 9.1
18.6 11.2
16.1 12.3
13.5 12.4
10.8 11.3
9.1 10.5
7.9 9.1
8.6 12.4
8.4 14.7
7.0 17.3
4.9 19.1
3.2 19.7

11.9 17.9
10.7 20.3
10.8 22.6
12.4 24.5
15.5 25.4
17.3 24.2
18.1 21.8
17.1 19.0
14.6 17.4
11.9 17.9

0.08 100000

36 20.5
-20.5 0.0
255 0 0 255
100.0






INDICE
_______________________________

numShapes numVerticesXGeom numPartitions numVerticesXPartitions numEmisores shapesLoop

VertexGeometry
|
|

VertexPartitions
|
|

emisorRadio maxParticlesCount

emisors
|
|

(mm)