2 69 50 2 13 14 2 1 0

217 -397
198 -392
181 -388
158 -401
136 -401
148 -418
151 -431
133 -453
128 -463
128 -484
138 -494
143 -510
150 -519
171 -538
182 -544
191 -554
193 -573
190 -595
189 -617
188 -641
178 -665
171 -686
165 -706
168 -708
176 -708
171 -717
159 -743
162 -761
163 -779
169 -794
181 -802
196 -810
210 -813
219 -809
243 -807
223 -802
212 -794
205 -780
203 -767
220 -751
227 -740
216 -735
226 -722
230 -710
230 -692
247 -678
268 -678
281 -661
268 -646
286 -652
298 -652
316 -629
330 -611
335 -590
353 -580
374 -574
384 -566
391 -552
395 -522
423 -495
420 -481
389 -465
376 -467
323 -453
311 -426
291 -421
277 -422
259 -410
256 -407

555 -261
551 -270
544 -278
551 -284
550 -296
549 -305
544 -323
542 -330
558 -335
570 -346
595 -361
608 -355
628 -347
692 -346
699 -331
724 -325
734 -306
750 -290
741 -287
744 -266
748 -262
762 -244
767 -233
779 -227
798 -228
807 -215
828 -212
831 -194
792 -195
776 -189
766 -183
761 -187
746 -187
720 -180
717 -175
709 -165
616 -167
554 -162
552 -151
535 -155
526 -161
515 -170
495 -181
499 -193
509 -206
544 -210
560 -211
575 -214
560 -227
557 -235

221 -400
229 -380
258 -354
278 -336
334 -297
354 -283
386 -267
423 -255
452 -247
509 -242
529 -238
551 -235
555 -235

250 -405
256 -388
269 -372
278 -363
295 -352
344 -324
359 -312
402 -293
442 -274
468 -267
490 -264
525 -263
539 -260
553 -263

2.0 10000

244 -383
20.0 10.0
255 0 0 255
200

547 -247
-20.0 -10.0
255 0 0 255
200