2 63 77 1 2 1 0 1

140 -468
151 -547
162 -583
183 -627
198 -660
232 -693
239 -709
282 -730
302 -759
322 -787
333 -795
347 -817
370 -827
391 -837
425 -844
439 -847
497 -848
526 -847
553 -843
584 -834
615 -820
627 -814
643 -794
663 -775
677 -754
692 -731
703 -689
702 -662
700 -619
688 -571
673 -518
654 -462
640 -441
610 -432
549 -425
536 -422
507 -408
507 -388
519 -367
519 -350
500 -348
499 -343
475 -343
453 -349
451 -368
464 -387
464 -407
437 -419
407 -428
360 -429
337 -435
324 -449
309 -488
299 -521
289 -550
280 -585
274 -611
264 -611
240 -576
227 -530
222 -518
231 -470
236 -466

-67.5 -336.5
-54	  -325.5
10	  -326
23.5  -330.5
37	  -335.5
48	  -339
58.5  -340
72	  -340
82.5  -336
93	  -330.5
102.5 -328
110.5 -324.5
121	  -324.5
131.5 -325.5
139	  -328
144	  -336.5
147.5 -345.5
149	  -356
150	  -362
157	  -368.5
165.5 -372
175	  -372
182	  -369.5
187.5 -366.5
189.5 -363.5
187.5 -321
183.5 -309
178	  -299.5
169	  -290.5
159	  -281.5
146.5 -276
132.5 -272
118	  -270.5
107.5 -269.5
96	  -265
92.5  -241
96	  -227
92.5  -220.5
80	  -215
75	  -206.5
75.5  -185
72	  -179.5
72.5  -165.5
66.5  -162.5
66.5  -141.5
73	  -137
106.5 -137.5
109.5 -129.5
109.5 -125
108	  -115.5
78.5  -119
72	  -118
66	  -114
55	  -113
50.5  -113
42	  -118
36	  -119.5
20	  -117
6.5	  -116
3.5	  -127
6.5	  -142
14	  -141
24.5  -138
41.5  -136.5
48.5  -140.5
48	  -162
41.5  -165
42.5  -179.5
38	  -183.5
37.5  -208.5
34.5  -214
20	  -222.5
24	  -262.5
11	  -269.5
-55	  -269.5
-63.5 -259
-68.5 -259

1 1
2 2

3.7 10000

180 -389.5
0.0 -280.9
255 0 0 255
10.0

INDICE
_______________________________

numShapes numVerticesXGeom numPartitions numVerticesXPartitions numEmisores shapesLoop

VertexGeometry
|
|

VertexPartitions
|
|

emisorRadio maxParticlesCount

emisors
|
|

(842px)