1 63 1 2 0 1

150 -468
181 -547
192 -583
203 -627
218 -660
232 -693
239 -709
282 -730
302 -759
322 -787
333 -795
347 -817
370 -827
391 -837
425 -844
439 -847
497 -848
526 -847
553 -843
584 -834
615 -820
627 -814
643 -794
663 -775
677 -754
692 -731
703 -689
702 -662
700 -619
688 -571
673 -518
654 -462
640 -441
610 -432
549 -425
536 -422
507 -408
507 -388
519 -367
519 -350
500 -348
499 -343
475 -343
453 -349
451 -368
464 -387
464 -407
437 -419
407 -428
360 -429
337 -435
324 -449
309 -488
299 -521
289 -550
280 -585
274 -611
264 -611
240 -576
227 -530
222 -518
231 -470
236 -466

1 1
2 2


INDICE
_______________________________

numShapes numVerticesXGeom numPartitions numVerticesXPartitions numEmisores shapesLoop

VertexGeometry
|
|

VertexPartitions
|
|

emisorRadio maxParticlesCount

emisors
|
|

(842px)