1 55 0 0 1

205 -110
204 -216
263 -254
266 -535
241 -548
210 -572
209 -655
157 -695
154 -715
178 -733
180 -742
160 -755
154 -791
178 -804
201 -813
224 -820
253 -825
285 -828
310 -832
382 -835
448 -837
490 -834
573 -825
653 -808
680 -803
697 -789
679 -752
669 -734
696 -720
698 -688
646 -653
645 -566
621 -545
593 -531
592 -254
640 -225
651 -215
648 -107
610 -99
577 -95
560 -99
554 -100
554 -114
525 -115
525 -94
457 -91
456 -114
392 -117
392 -94
320 -94
320 -114
293 -112
292 -100
253 -98
206 -110


INDICE
_______________________________

numShapes numVerticesXGeom numPartitions numVerticesXPartitions numEmisores shapesLoop

VertexGeometry
|
|

VertexPartitions
|
|

emisorRadio maxParticlesCount

emisors
|
|

(842px)